-5.819047987461090088e-02 1.799428761005401611e-01 9.400000572204589844e-01
3.381861348946889056e-01 1.378039759583771229e-02 1.113750050465265984e+00
1.637945152246035041e-01 -5.505590169475628459e-02 1.187461614608764648e+00
1.253790557384490967e-01 6.113524362444877625e-02 1.088000059127807617e+00
2.969418181520369279e-02 1.143141322665744419e-01 9.933333612150616609e-01
-6.157429143786430359e-02 1.909695379436016083e-01 9.370000362396240234e-01
3.388070861498514996e-01 7.110627368092536926e-02 1.069416731595993042e+00
-9.445080036918322708e-02 1.297171494613091058e-01 1.026833355426788330e+00
1.142638176679611206e-01 3.220162093639373779e-01 8.390000462532043457e-01
-2.727735967886063193e-02 2.447038547646614715e-01 9.141935917638963627e-01
2.779955289193561940e-01 2.970204268183027074e-01 8.275714601789202485e-01
5.368518913100060047e-03 2.539536174800660628e-01 8.839444915453592566e-01
3.435080627600352043e-01 1.287049172653092211e-01 1.005711131625705246e+00
3.383870025475819721e-01 1.030720683435599055e-01 1.044000069300333733e+00
-8.211143314838409424e-02 1.319985112973622032e-01 9.910000562667846680e-01
2.037943005561828613e-01 -1.155034992843866348e-01 1.233333428700764900e+00
1.437299132347106823e-01 3.174371600151061901e-01 8.238000333309173362e-01
4.597870111465453963e-02 2.756276061137517552e-01 8.644333779811859131e-01
1.029414373139540401e-01 9.745667378107707168e-02 1.016500075658162361e+00
3.378264456987380981e-01 1.236407235264778137e-01 1.022250056266784668e+00
3.279958562925457954e-01 2.163541810587048531e-01 9.144375436007976532e-01
-1.658714390359818797e-02 2.363714434206485859e-01 8.928000420331955178e-01
-8.451857790350914001e-02 3.924143128097057343e-02 1.056500077247619629e+00
3.195500224828720093e-01 2.100357264280319214e-01 9.425000548362731934e-01
1.141847684979438726e-01 7.443314790725708008e-02 1.064800047874450595e+00
-8.095143735408782959e-02 1.488761976361274719e-01 9.770000576972961426e-01
-5.533189290473537747e-02 1.945522408331594177e-01 9.325484383490777462e-01
2.775411720254591583e-02 2.758075350097247691e-01 8.813929025615964141e-01
-1.372606129470196716e-02 2.531741004098545522e-01 9.050909497521140157e-01
2.677166329489814034e-01 3.288622432284885044e-01 8.256667057673136023e-01
-6.831665881551228503e-02 1.738943939025585361e-01 9.530000594946054226e-01
9.254721131013787794e-02 1.147594688379246219e-01 1.023782652357350331e+00
-7.529187970794737339e-02 1.523536122404038906e-01 9.692812860012054443e-01
2.404314428567886353e-01 3.408057242631912231e-01 8.170000314712524414e-01
-9.120686373540333458e-02 1.484276017972401274e-01 1.007942887714931013e+00
1.375530424870942681e-01 2.820716955159839959e-02 1.109736888032210489e+00
2.800200283527374268e-01 3.081000149250030518e-01 8.190000653266906738e-01
-4.550283237853471052e-02 2.268814435776542182e-01 9.302059341879451715e-01
1.325898468494415283e-01 4.862794031699498726e-02 1.101999998092651367e+00
1.752408261277845977e-02 2.614530750683375926e-01 8.762857573372977438e-01
3.385860994458198547e-01 1.172053627669811249e-01 1.012875050306320190e+00
7.242798091222842072e-02 1.259827489654223032e-01 1.024125029643376594e+00
-7.865367723362785835e-02 1.339047040258135035e-01 9.882143310138157277e-01
1.136809599896271977e-01 8.339857620497544144e-02 1.042500058809916252e+00
1.088446502108126879e-01 3.076148973777890205e-01 8.477500434964895248e-01
-7.376970181410963390e-02 1.886182806708595894e-01 9.692727733742106944e-01
6.981708514301673829e-02 2.875760638195535290e-01 8.529783059721407490e-01
1.322736961500985409e-01 5.267260191696030575e-02 1.068114342008318118e+00
-1.550628617405891418e-01 -1.247771531343460083e-01 1.272000074386596680e+00
1.499741597633276642e-02 1.218284443020820618e-01 1.030428647994995117e+00
3.057515550404786842e-01 2.659079577773809655e-01 8.681875355541706085e-01
3.019616901874542236e-01 3.051926344633102417e-01 8.477500379085540771e-01
1.564549331863721304e-01 3.225282728672027588e-01 8.186667263507843018e-01
-1.035095974802970886e-01 1.056340879627636481e-01 1.049357209886823350e+00
-4.404552727937698087e-02 4.657847918570041934e-02 1.032000041007995694e+00
-3.720556423068046431e-02 2.340660721063613781e-01 9.221600437164306774e-01
-7.902993793998445982e-02 1.734285780361720375e-01 9.828571932656424703e-01
3.321200311183929443e-01 1.849200129508972168e-01 9.660000205039978027e-01
3.387171526749928607e-01 -1.732285817464192593e-02 1.161000013351440430e+00
3.205047845840454102e-01 2.204019129276275635e-01 9.220000505447387695e-01
3.409066796302795410e-01 3.419428815444310737e-02 1.088000059127807617e+00
-4.227582766459538066e-02 6.487465764467532925e-02 1.086692369901216981e+00
3.442909078938620193e-01 3.508707716329289520e-03 1.123714319297245634e+00
9.804857522249221802e-02 2.957400083541870117e-01 8.370000123977661133e-01
3.444757163524627686e-01 1.365739305814107352e-01 9.935714659236726254e-01
6.957011945658074341e-03 1.075358031124904190e-01 1.004724157267603335e+00
3.120938426918453690e-01 2.550777978367275711e-01 8.752222617467244614e-01
2.555377426055761569e-01 3.165754033968998793e-01 8.098461948908292074e-01
-1.022017548481623378e-01 1.160465156038602147e-01 1.038500030835469490e+00
3.427276402711868508e-01 5.373371765017509460e-02 1.076800048351287842e+00
1.852037115738942030e-01 -9.235051847421206495e-02 1.210730850696563721e+00
5.809828937053680697e-02 2.829897314310073630e-01 8.568000495433807373e-01
-8.095143735408782959e-02 1.814428716897964478e-01 9.770000576972961426e-01
3.084244595633612862e-01 2.428792731629477730e-01 9.054444763395521623e-01
3.026363290846347809e-01 2.841284684836864471e-01 8.451250419020652771e-01
3.432032922903696659e-01 1.467055007815361023e-01 9.862333814303080315e-01
1.384000132481257028e-01 1.117396905707816225e-02 1.135333379109700447e+00
5.140540003776550293e-02 1.176473991501899019e-01 1.000428574425833661e+00
3.385535113273128172e-01 1.506509468440086486e-01 9.905806837543364995e-01
2.745989894866943115e-01 3.042772364616393999e-01 8.237200307846069824e-01
3.478202723687695008e-01 -2.582233669536728934e-02 1.149774236063803468e+00
1.989371627569198608e-01 -1.224228627979755402e-01 1.236000061035156250e+00
-6.977619603276252747e-03 1.103995293378829956e-01 1.044500052928924561e+00
-8.992682094685733318e-02 5.150890233926475048e-02 1.056468829512596130e+00
-7.077124666002597431e-03 2.476760946652468431e-01 8.914902408917745325e-01
-3.812422017965998167e-02 2.169386531625475123e-01 9.127143195697239308e-01
3.352381102740764618e-02 2.807619273662567139e-01 8.800000548362731934e-01
1.976614370942115784e-01 -1.325833424925804138e-01 1.265500009059906006e+00
-2.876337205704587990e-03 1.034993466276388913e-01 1.006923107000497586e+00
2.303512345438134268e-01 3.305542383291950048e-01 8.051096225438052478e-01
2.978405872980753322e-01 2.695038259029388650e-01 8.819333791732788530e-01
-2.793421706667652965e-02 8.692081714117969038e-02 1.065518573478416053e+00
1.685993745923042297e-01 -7.144127351542313431e-02 1.209833403428395515e+00
2.981823336865220900e-02 2.678717362637422772e-01 8.724490197337403385e-01
3.370315936895517117e-01 -1.073457931096737268e-02 1.153307740504925016e+00
3.371001653373241203e-01 4.842024138197302541e-02 1.088800054788589433e+00
-3.500228784978389601e-02 5.530000291764736176e-02 1.015200066566467330e+00
1.909766793251037598e-01 -1.015833411365747452e-01 1.219000101089477539e+00
-1.026738679243458657e-01 9.297429149349530075e-02 1.053444517983330719e+00
3.162366449832916260e-01 2.369267226507266455e-01 8.946250453591346741e-01
3.230957748989264355e-01 2.339315619319677353e-01 8.951250389218330383e-01
3.389166891574859619e-01 9.781857952475547791e-02 1.037500023841857910e+00
1.898543503549363909e-01 -1.136037636962201891e-01 1.246833364168802971e+00
-1.059896896282831874e-01 6.559349534412224625e-02 1.087500055631001716e+00
-4.274714598432183266e-02 2.119885850697755814e-01 9.160000383853912354e-01
2.878682729270722884e-01 2.871255228916804181e-01 8.627778093020120886e-01
1.755421277549531756e-01 -8.901069478856192541e-02 1.227888955010308258e+00
2.099111991770127306e-01 3.340041280961504322e-01 8.072941536996879330e-01
1.902886359272776551e-01 3.341127924017003870e-01 8.146757193513818329e-01
3.407723903656005859e-01 6.280095502734184265e-02 1.081000089645385742e+00
-7.679619515935580398e-02 5.220793994764486717e-02 1.061000108718872070e+00
3.356456160545349121e-01 2.854006167035549879e-02 1.107625041157007217e+00
1.622009631246328354e-01 -3.507262095808982849e-02 1.150750070810317993e+00
-5.753603546569744515e-02 2.129611236353715353e-01 9.415000379085540771e-01
-2.613671191714026648e-02 7.093532947879849226e-02 1.011909134460218018e+00
-8.698236618352972460e-02 1.135200054749198606e-01 1.014260929563771230e+00
1.625562012195587158e-01 -5.723810009658336639e-02 1.202000021934509277e+00
7.517714798450469971e-02 3.031600117683410645e-01 8.580000400543212891e-01
3.415018096566200256e-01 1.833296529948711395e-01 9.436250478029251099e-01
5.820857609311739372e-02 1.231704826156298366e-01 1.013000051180521721e+00
1.423854082822799683e-01 2.273968420922756195e-02 1.101999998092651367e+00
3.431156064782823756e-01 7.611789660794394952e-02 1.055642928395952529e+00
8.108571916818618774e-02 3.005904853343963623e-01 8.600000143051147461e-01
1.151992557080168400e-02 2.672980380685706092e-01 8.885000489260020951e-01
-9.085342694412577857e-02 9.226935672940629607e-02 1.034454580509301280e+00
-1.829428784549236298e-02 7.991714775562286377e-02 1.011000037193298340e+00
3.245821686891409152e-01 2.252704665446892685e-01 9.048974712689717981e-01
3.385095596313476562e-01 8.791143447160720825e-02 1.061000108718872070e+00
6.948381431755565329e-02 2.949744406200590641e-01 8.622857587678092184e-01
3.276521737062478290e-01 2.078040408182747767e-01 9.258987813056269722e-01
3.435240864753723034e-01 1.150987997651100186e-01 1.010000038146972701e+00
-3.681047819554805756e-02 6.862714700400829315e-02 1.083666721979777092e+00
1.307310093194246348e-01 3.127151161432266124e-01 8.289500370621680769e-01
1.358295381069183350e-01 2.459904924035072327e-02 1.123000025749206543e+00
-5.793469771742820740e-02 1.850585149867194079e-01 9.400000572204589844e-01
-1.052581514905844007e-02 9.028993194040499382e-02 1.004631607156050821e+00
2.967785409203282376e-01 2.776145151367894193e-01 8.541111570817453424e-01
3.387133479118347168e-01 6.383047997951507568e-02 1.081000089645385742e+00
-8.374505891249729717e-02 1.682609617710113525e-01 9.896923532852759386e-01
-9.852857738733292181e-02 1.045011490583419855e-01 1.045000076293945312e+00
-1.000371500849723816e-01 5.759714667995771004e-02 1.061000108718872070e+00
2.704638242721557617e-01 -1.350485781828562326e-01 1.233000079790751213e+00
1.492995700010886495e-01 -1.129216180057623052e-02 1.149461590326749327e+00
3.349953571955363030e-01 1.764926786224047250e-01 9.510333895683288352e-01
3.395676314830780029e-01 7.758667320013046265e-02 1.058000087738037109e+00
1.500843996587006846e-01 3.255403547183327029e-01 8.270435177761575885e-01
-8.874241105820003528e-02 1.276452713891079449e-01 1.013210578968650522e+00
-3.432381199672818184e-03 2.600028812885284424e-01 9.010000228881835938e-01
3.429143130779266357e-01 1.292000114917755127e-01 1.020000100135803223e+00
-6.516550826590235268e-02 1.900691644447605744e-01 9.459756583702273458e-01
8.551581501960754672e-02 1.226929609974225371e-01 1.027333378791809082e+00
3.241488456726074330e-01 2.045125196377436394e-01 9.421333789825439009e-01
2.090285867452621460e-01 -1.145523861050605774e-01 1.240000009536743164e+00
3.396238386631011963e-01 1.572504887978235788e-01 9.770000576972961426e-01
5.690133795142173628e-02 2.779946863651275857e-01 8.560000538825989214e-01
3.147714398801326752e-02 1.181167691946029691e-01 1.001800012588500932e+00
2.971028341187371136e-01 2.732432749536302108e-01 8.683555894427829047e-01
2.547870030005772723e-01 3.335238297780354633e-01 8.240000307559967041e-01
3.189739957451820374e-01 2.155930300553639822e-01 9.265000571807225915e-01
3.379306449339939955e-01 1.686367140366480943e-01 9.693077321235950006e-01
2.099552967331626274e-01 3.417226726358587041e-01 8.151364055546846954e-01
3.459003255134675547e-01 -7.832428003184316312e-03 1.134048822449474692e+00
-8.327510686857360345e-02 1.460389186229024694e-01 9.855714610644749074e-01
-3.358730425437291695e-02 2.409524023532867432e-01 9.200000166893005371e-01
3.422719926937766721e-01 8.626319370839906353e-02 1.049652244733727535e+00
1.106827421448169646e-01 9.065793034357902402e-02 1.030666696719634290e+00
-5.494741081363625074e-02 4.439778087867631007e-02 1.048888961474100823e+00
3.381436602635817246e-01 1.253254616802388921e-01 1.011545495553450191e+00
2.627827690707312813e-01 3.222943014568752651e-01 8.150000241067674178e-01
3.423762985251166402e-01 1.728214831514791883e-01 9.529091499068520488e-01
1.453817451701444607e-01 8.515910947394064040e-03 1.110941227744607351e+00
8.921452459632134291e-02 1.065154391892102342e-01 1.012428621856533706e+00
1.165323450484059137e-01 7.439424707130952441e-02 1.050681894475763434e+00
3.342177648933566392e-01 1.935090702407214203e-01 9.328776038422876837e-01
1.385516747832298279e-01 3.475595451891422272e-02 1.089750051498413086e+00
2.482219643213532112e-01 3.240877748890356735e-01 8.075909519737417552e-01
-4.616034376834120267e-02 5.564020733748163694e-02 1.090642912047249835e+00
1.687431056052446365e-01 3.317481130361557007e-01 8.231666982173919678e-01
3.171527722420600798e-02 1.252541848673270342e-01 1.026269266238579281e+00
6.338286027312278748e-02 1.238565171758333888e-01 1.013333400090535408e+00
-7.652476642813001162e-02 1.427579671144485474e-01 9.815714529582432180e-01
1.214674353599548284e-01 8.316152840852737704e-02 1.042000055313110352e+00
2.853276357054710388e-01 3.031341228634119034e-01 8.254375346004962921e-01
1.308475693359094638e-01 4.912230021813336622e-02 1.089000056771671110e+00
3.377137184143066406e-01 1.119513626282031687e-01 1.026461564577542784e+00
3.436399862684052509e-01 -1.321146220113311384e-02 1.145758690505192190e+00
1.078171506524085999e-01 8.442286401987075806e-02 1.068000078201293945e+00
1.138223875313997269e-01 3.034376427531242371e-01 8.330000489950180054e-01
-3.057271921459366396e-02 2.289731797634386445e-01 9.095490598211101174e-01
3.163829843203226910e-01 2.253262591030862627e-01 9.242222739590538749e-01
1.100085750222206116e-01 2.999514341354370117e-01 8.310000300407409668e-01
3.226251360028982162e-01 2.448226343840360641e-01 8.891250453889369965e-01
7.862857729196548462e-02 3.005904853343963623e-01 8.600000143051147461e-01
3.032840551698909315e-01 2.753340277601690755e-01 8.524118065834045410e-01
-3.578710217367519347e-02 7.705152102492072996e-02 1.073545488444241691e+00
6.883402588836690095e-02 1.136099150840272354e-01 9.935532224939224166e-01
3.344628711541493549e-01 2.314920785526434696e-02 1.122000018755594963e+00
3.310387545462810666e-01 1.884336058389056712e-01 9.471515669967188744e-01
3.426428735256195068e-01 2.319047786295413971e-02 1.107000052928924561e+00
-7.293687494737761956e-02 1.661955873881067469e-01 9.632857484476906595e-01
-6.413678298978243986e-02 2.069400987204383369e-01 9.499118222909814779e-01
3.360314491120251490e-01 9.942771221341734425e-03 1.126636396754871816e+00
1.659184636082500219e-02 1.105912574566900730e-01 9.956875294446945190e-01
3.430082589387893899e-01 9.528195820748805445e-02 1.034650009870529130e+00
3.432775239149729596e-01 1.632352067778507776e-01 9.661250387628873559e-01
1.725530989708438934e-01 -6.929269276799694677e-02 1.191193599854746266e+00
-4.004000127315521240e-02 7.597333937883377075e-02 1.078000068664550781e+00
3.380952477455139160e-01 1.428571492433547974e-01 1.000000000000000000e+00
3.404247760772705078e-01 1.087619108147919178e-03 1.142000079154968262e+00
1.815114368995030814e-01 -9.833619743585586548e-02 1.224333405494689941e+00
1.451714402064680984e-02 2.565164029598235862e-01 8.762000441551208718e-01
8.601524308323860515e-03 1.171765789389610235e-01 1.027000021934509233e+00
1.485910594463348278e-01 -1.572400070726871421e-02 1.162600040435791016e+00
3.096402245704258926e-01 2.490637727151407133e-01 8.890561194063346662e-01
3.404000252485275269e-01 1.405600160360336304e-01 1.004000008106231689e+00
1.343128643929958344e-01 3.208490684628486633e-01 8.370000272989273071e-01
3.413039445877075195e-01 5.177774233743548393e-02 1.081875085830688477e+00
-1.005231011658906937e-01 1.317092981189489365e-01 1.024750053882598877e+00
1.835400164127349854e-01 -8.094000816345214844e-02 1.197000026702880859e+00
8.612437932579605770e-02 2.960690149554499606e-01 8.511852312971044388e-01
7.506571933627129156e-02 1.084767688065767233e-01 1.002700018882751509e+00
9.389934860743008593e-02 9.664616217980018242e-02 1.014000058174133301e+00
3.439957550887403626e-01 1.529977778936254529e-01 9.744828055644857434e-01
-5.683905258774757385e-02 3.888857488830884529e-02 1.047000090281168694e+00
2.695581614971160889e-01 3.089777724100993272e-01 8.160000428175314680e-01
3.422852605581283569e-01 -2.468976331874728203e-02 1.165000051259994507e+00
3.398267030715942383e-01 5.030666912595430779e-02 1.078000068664550781e+00
-8.746233334143956040e-02 5.647439509630203247e-02 1.061000108718872070e+00
1.688904911279678345e-01 -7.803905010223388672e-02 1.223000049591064453e+00
4.923511717630469492e-02 1.136918479333753201e-01 9.966087315393530321e-01
1.969763954480489021e-01 -1.271758799751599722e-01 1.246533370018005460e+00
3.323993012309074402e-01 4.253357369452714920e-02 1.102750003337860107e+00
-9.895238326862454414e-04 1.137952432036399841e-01 1.039000034332275391e+00
-3.788571804761886597e-02 4.954285919666290283e-02 1.020000100135803223e+00
2.045482363213192434e-01 -1.275231245566498250e-01 1.235636429353193844e+00
-2.113000117242336273e-02 9.860524535179138184e-02 1.056500077247619629e+00
-9.630896939950830959e-02 8.612039729076273464e-02 1.045000076293945312e+00
2.892109568629945837e-01 2.935245645897728850e-01 8.339714714459010025e-01
-9.406186657589535316e-02 7.098629446916801533e-02 1.051418675932773272e+00
-1.078076676830001523e-01 8.654696202796438587e-02 1.068304398785466791e+00
1.931590624153614044e-01 -1.088331015780568123e-01 1.227812584489583969e+00
-1.045009146134058681e-01 7.298272546558152996e-02 1.069095299357459616e+00
3.384396930535634174e-01 -2.484031890829404080e-02 1.167666713396708245e+00
1.774461207290490561e-01 -8.538564046223957871e-02 1.208583384752273560e+00
3.424223701159159194e-01 1.250717543686429706e-02 1.113600055376688713e+00
1.641838252544403076e-01 -4.077047854661941528e-02 1.157000064849853516e+00
3.156961358728863076e-01 2.319005448666829894e-01 9.094603544189816535e-01
2.283933477269278756e-01 3.413709219959046859e-01 8.156667086813185197e-01
3.374316651712764292e-01 3.446679841727018356e-02 1.093863682313398922e+00
1.727954312449409835e-01 3.287558981350490184e-01 8.164286102567400727e-01
-5.006874376727688675e-02 2.090848523282235749e-01 9.283387593684657713e-01
2.919901446120379829e-01 2.870723339792800033e-01 8.482055206821389470e-01
-9.322613950182752351e-02 1.098712964392289937e-01 1.030170763411172974e+00
3.686081857553550473e-02 2.830485957009451492e-01 8.767143232481819926e-01
1.038807384096659125e-01 1.059934130081763570e-01 1.023846195294306760e+00
-1.925333403050899506e-02 9.018667042255401611e-02 1.064000010490417480e+00
4.892661550215312433e-02 1.276735608066831285e-01 1.023342861448015562e+00
1.868752494454383739e-01 3.384084016084670798e-01 8.210000395774841309e-01
3.424652099609374889e-01 6.643928997218609411e-02 1.068650060892105014e+00
-7.109878105776649970e-02 4.610612562724521885e-02 1.055428641183035809e+00
9.022445876050640134e-02 3.034188094976785766e-01 8.543784231752962199e-01
-2.069143019616603851e-02 8.179857768118381500e-02 1.010500043630599976e+00
3.377776823260567607e-01 1.633972390131517016e-01 9.834545904939825389e-01
-2.243166812695562840e-02 2.339240629225969315e-01 8.972500488162040710e-01
6.085714697837829590e-02 2.799428701400756836e-01 8.520000576972961426e-01
3.017300188541412465e-01 2.618484914302826039e-01 8.835000455379485862e-01
1.425274556333368525e-01 2.777731774205511109e-02 1.095272779464721680e+00
2.083333395421504974e-02 2.591666877269744873e-01 8.750000596046447754e-01
3.423251003026962502e-01 1.067046421269575718e-01 1.024266711870829294e+00
-9.801619499921798706e-02 6.264952756464481354e-02 1.061000108718872070e+00
5.149662341265117543e-02 2.879025790036893184e-01 8.689804369328069100e-01
1.653821511814991541e-01 -5.001262264947096275e-02 1.168666725357373481e+00
1.509927719831466730e-01 -2.464666850864887307e-02 1.165800034999847412e+00
3.386425208300352097e-01 9.137095790356397629e-02 1.051625072956085205e+00
1.273628026247024536e-01 6.290400351087252484e-02 1.066533398628234819e+00
9.552381816320121288e-04 9.838952869176864624e-02 1.003000020980834961e+00
6.361810117959976196e-02 1.205895319581031799e-01 9.970000386238098145e-01
1.245361988743146214e-01 3.154997080564498901e-01 8.436667025089263916e-01
-1.059917534391085353e-01 5.872762451569239067e-02 1.094666719436645508e+00
1.246230317389263875e-01 7.179552316665649414e-02 1.050764778081108464e+00
-1.450421860707657752e-02 9.922395220824650752e-02 1.055428641183035809e+00
1.497850323265249028e-01 -6.768312157047065743e-03 1.130000038580460942e+00
1.565228314311415958e-01 -2.888642168707317853e-02 1.151703750645672875e+00
1.414862009031432055e-01 9.359116433188319206e-03 1.127928614616394043e+00
