-8.552381768822669983e-04 2.617028653621673584e-01 8.980000615119934082e-01
1.303807772122896613e-01 1.240653192194608595e-01 1.003269250576312777e+00
7.320950561907232923e-02 1.753590604880961024e-01 9.494878722400199589e-01
1.069799827411770793e-01 1.655023675411939621e-01 9.665250390768050925e-01
-4.982769259196870304e-02 1.684348138377946835e-01 9.546324084786808051e-01
-6.157429143786430359e-02 1.872215360403060858e-01 9.370000362396240234e-01
-5.607780115678906441e-02 1.042161379009485245e-01 9.814375340938568115e-01
3.111880636877483730e-01 -1.008010643353271854e-02 1.147333390182919022e+00
-9.573492656151454117e-02 1.289569946626822061e-01 1.027500033378601074e+00
-2.805367389486895791e-02 2.463756776518291891e-01 9.104444848166571846e-01
1.636942972739537649e-01 4.118095524609088898e-02 1.081000089645385742e+00
5.244646334777707669e-02 2.849851159945778201e-01 8.720000438068223891e-01
-4.088254272937774658e-02 2.218095362186431885e-01 9.133333563804626465e-01
2.556362003087997437e-01 2.795647829771041870e-01 8.375000208616256714e-01
1.447803410498992305e-01 9.129868059054664642e-02 1.031086994254070799e+00
1.516314385966821277e-01 3.071763881228186666e-01 8.363636759194460479e-01
4.724651419146116277e-02 2.744662858719049692e-01 8.642326066660326322e-01
2.341565624810755253e-01 2.958131739869713783e-01 8.283125385642051697e-01
2.029474794864654652e-01 1.869006228446960516e-01 9.618000388145446777e-01
1.953264886140823331e-01 9.551368236541747658e-02 1.034800009727478098e+00
-1.601924908984648718e-02 2.365124970674514771e-01 8.948421415529752565e-01
8.264533802866935730e-02 1.834598213434219249e-01 9.536000609397887740e-01
1.879569590091705322e-01 1.026121973991394043e-01 1.042000055313110352e+00
2.216463685035705566e-01 1.990971565246582031e-01 9.346667130788167688e-01
-8.102686107158660334e-02 1.578085809946060125e-01 9.690000414848327637e-01
-5.594749426519548402e-02 1.925066282620301050e-01 9.338919375393841538e-01
2.855085902489148397e-01 7.614506095146330103e-03 1.130230834850898258e+00
7.047333568334579468e-02 1.949457228183746338e-01 9.610000252723693848e-01
-6.757072942412417627e-02 1.730702823918798816e-01 9.536957066992054477e-01
1.349689367094210335e-01 1.121185948806149579e-01 1.011017905814307172e+00
-6.656919485121443048e-02 1.495767855330517315e-01 9.689474137205826842e-01
-9.327121992265025030e-02 1.464552489980574523e-01 1.008193585180467089e+00
1.026190544168154445e-01 2.980057299137115479e-01 8.620000481605529785e-01
2.563371616740559578e-01 2.676790862582450470e-01 8.691163173941678366e-01
2.640614459911982403e-01 1.486523899560173410e-02 1.115000049273173088e+00
1.832738192752003670e-02 2.607573941349983215e-01 8.747500330209732056e-01
2.712976336479187012e-01 2.242714446038007736e-02 1.121500015258789062e+00
2.458094539849654536e-01 3.285441207497016153e-02 1.097478306811788817e+00
1.754077951545300607e-01 1.304770281295413586e-02 1.106347856314285893e+00
2.432042328374726392e-01 3.054039606026240916e-01 8.341429020677294526e-01
1.138817005687289829e-01 3.022393849160935897e-01 8.548889358838399621e-01
-7.432757257609753920e-02 1.899045685658583837e-01 9.666486865765339109e-01
3.032418222803818786e-01 -1.374185546056220369e-02 1.137368440628051758e+00
-5.112032075984436486e-02 6.817409030178137042e-02 1.003491244818034867e+00
-1.538070559501648060e-01 -1.259080059826374054e-01 1.273600065708160312e+00
1.110766732266971063e-01 1.469440236687660217e-01 9.826428805078778472e-01
1.863547712564468384e-01 3.208333551883697510e-01 8.380000293254852295e-01
2.614984076756697307e-01 2.631444082810328600e-01 8.657692670822143555e-01
1.567857220652513206e-02 2.026635818183422089e-01 9.542500525712966919e-01
-5.525681506032529416e-02 1.544270081364590153e-01 9.565217961435732441e-01
-5.679429024457931241e-02 4.499238431453704556e-02 1.031600022315978915e+00
-3.816561111145549273e-02 2.366752525170644217e-01 9.223333729637993583e-01
-6.479352449135082626e-02 1.304923888386749775e-01 9.687561363708682149e-01
3.306085988879203796e-01 -1.769142970442771912e-02 1.161000013351440430e+00
-7.957619428634643555e-02 1.725606446464856558e-01 9.830000400543212891e-01
1.583996911843617850e-01 4.319714630643526482e-02 1.106333374977111816e+00
-9.610000997781753540e-02 6.096667051315307617e-02 1.085000038146972656e+00
1.389143019914627075e-01 9.811428934335708618e-02 1.020000100135803223e+00
-1.794285885989665985e-02 1.785314381122589111e-01 9.420000314712524414e-01
2.464057281613349915e-01 3.120225618282954083e-01 8.436667025089263916e-01
2.263285543384223053e-01 5.213412462637342232e-02 1.074965575645709936e+00
-1.448381007851465806e-02 2.533053574354752202e-01 9.034782984982365761e-01
2.605158984661102295e-01 2.850936750570933209e-01 8.416666984558105469e-01
1.562388992557922907e-01 5.460476564864317345e-02 1.068750053644180298e+00
2.022666782140731812e-01 8.879714831709861755e-02 1.036000013351440430e+00
1.561809629201889038e-01 5.944952741265296936e-02 1.058000087738037109e+00
8.737248820917946357e-02 2.960032522678375244e-01 8.614643237420490651e-01
-4.415828883647918840e-02 1.840011566877365057e-01 9.660000264644622581e-01
2.552313944872687812e-01 1.610599540393142098e-02 1.110352993011474609e+00
2.913093560415765393e-01 -7.183002520595555343e-03 1.133021790048350352e+00
1.290623918175697327e-01 2.983533516526222229e-01 8.365000337362289429e-01
-1.025806441903114319e-01 1.154444528122742925e-01 1.039000034332275391e+00
2.364695370197296143e-01 3.150238295396168842e-01 8.416666984558105469e-01
2.444005691727926532e-01 2.338377784850985408e-01 9.071395799171092511e-01
-8.112476766109466553e-02 1.878352512915929251e-01 9.716667135556539270e-01
1.293952483683824539e-02 1.881436643501122885e-01 9.370000362396240234e-01
-9.705651303132374619e-02 5.837206666668256355e-02 1.088000059127807617e+00
2.125136188098362411e-01 6.397646729435239876e-02 1.067400070599147321e+00
2.498723622738269201e-01 2.899266847392968915e-01 8.347895103588438559e-01
3.404885828495025635e-01 -3.195523843169212341e-02 1.157000064849853516e+00
9.532500617206096649e-02 1.657592356204986572e-01 9.612500295042991638e-01
2.617617902301606625e-01 2.724867761135101318e-01 8.519524193945384738e-01
-8.478865710397560929e-02 5.473325774073600769e-02 1.057750085989634270e+00
-2.390911729474152689e-02 1.872666105628013611e-01 9.524286304201398101e-01
-6.511671367016705347e-02 2.070001448419961088e-01 9.488182392987337677e-01
-3.773333644494414330e-02 2.174935843795537949e-01 9.107500463724136353e-01
3.561904933303594589e-02 2.807619273662567139e-01 8.800000548362731934e-01
1.809085905551910400e-01 1.359428651630878448e-02 1.098000049591064453e+00
9.584814513271505687e-02 1.573312688957561045e-01 9.650909521362998067e-01
-8.405077514740136313e-02 1.330935599712225192e-01 9.933077280337994086e-01
3.064170844542483604e-02 2.671109661459922791e-01 8.707917022208372382e-01
2.260787351988255978e-01 2.123316801153123379e-01 9.313437957316637039e-01
-8.791143447160720825e-02 6.163905188441276550e-02 1.061000108718872070e+00
6.078095661531037787e-03 2.543476381722618584e-01 8.838235735893249512e-01
3.012704849243164062e-01 1.087619108147919178e-03 1.142000079154968262e+00
7.226006204591077509e-02 2.842892022693858656e-01 8.558823957162744467e-01
2.432747781276702881e-01 4.329714582612117363e-02 1.095500051975250244e+00
2.475886115940605647e-01 2.463331382449080176e-01 9.050976008903689474e-01
-4.990292006793121266e-02 2.095075342804193497e-01 9.285208831230798987e-01
1.666914393504460579e-01 2.828965273996194088e-02 1.111066714922587018e+00
-1.021527051925659180e-01 9.679016719261805679e-02 1.055000066757202148e+00
1.435218407557560805e-01 8.404740461936363594e-02 1.065307745566734798e+00
2.594038248062133789e-01 2.594038248062133789e-01 8.730000555515289307e-01
-1.003719121217727661e-01 6.932619586586952209e-02 1.086500048637390137e+00
-4.275113888658010203e-02 2.128101965555777852e-01 9.160769627644465007e-01
2.145566120743751526e-01 5.010326845305306670e-02 1.086142914635794599e+00
-6.200047954916954041e-02 7.535095885396003723e-02 1.001500010490417480e+00
-6.885645538568496704e-02 5.672346698966893030e-02 1.061818263747475344e+00
9.840000420808792114e-02 1.574362069368362427e-01 9.840000271797180176e-01
-7.968353396701459077e-03 2.478326302571374762e-01 8.929344689259763879e-01
1.684371575713157765e-01 3.170064955949783436e-01 8.414000272750854492e-01
1.957806489533848171e-01 1.658345071805847892e-01 9.825555980205535889e-01
-8.521067251761754724e-02 1.118036250273386628e-01 1.014400060971577977e+00
6.945715099573135376e-02 3.031600117683410645e-01 8.580000400543212891e-01
-1.029564337804913521e-01 1.350792944431304932e-01 1.022250041365623474e+00
3.106747908478087530e-02 1.916887287763839043e-01 9.439149460893996313e-01
1.102959101499859616e-02 2.666018341862878005e-01 8.886977170788964431e-01
-8.819121619065602158e-02 9.272312140092253685e-02 1.033145869771639580e+00
2.505847811698913574e-01 2.386114448308944702e-01 8.980000615119934082e-01
-6.839695572853088379e-02 8.301181495189666193e-02 1.065600085258483931e+00
1.992725789546966608e-01 1.834200143814087025e-01 9.678000330924987349e-01
1.924621186086109825e-01 1.362534101520265772e-01 9.955000281333923340e-01
2.382391521876508489e-01 2.303189763968641057e-01 9.150909456339749726e-01
2.321362048387527466e-01 3.598363005689212551e-02 1.091571478616623736e+00
-6.299105212092399875e-02 1.123558171093463898e-01 9.727000534534454568e-01
1.360942920049031668e-01 3.019711375236511230e-01 8.373333811759948730e-01
-7.360952720046043396e-02 9.583952836692333221e-02 1.037500023841857910e+00
1.876008795066313184e-01 1.257962008768861994e-01 1.025454586202448004e+00
-6.036095693707466125e-02 4.452857499321302009e-02 1.039000034332275391e+00
8.754848167300224859e-02 1.861054405570030101e-01 9.655000448226929155e-01
-7.662805745547468517e-02 1.137090965428135675e-01 1.012636412273753672e+00
-8.599879621313168132e-02 1.686445153676546516e-01 9.880385100841522217e-01
1.262791771441698074e-01 1.240784619003534317e-01 1.025875046849250793e+00
-9.852857701480388641e-02 1.035004798322916031e-01 1.045000076293945312e+00
-6.220153884755240392e-02 9.152471481098069239e-02 9.879444804456498641e-01
-1.599447727203369141e-01 -1.330838203430175781e-01 1.282000064849853516e+00
1.627259636297821999e-01 4.881393164396286011e-02 1.073750048875808716e+00
-5.328815584381421666e-02 8.880848824977874423e-02 9.896267080307006303e-01
1.516340151429176331e-01 6.956728657378870306e-02 1.054411839036380583e+00
-8.793676719069480618e-02 1.267973400652408489e-01 1.010000038146972701e+00
-6.864762321735422106e-03 2.600028812885284424e-01 9.010000228881835938e-01
1.267414069239129470e-01 1.329837558751410520e-01 9.907234437922214365e-01
2.722611226314722299e-01 8.875991710526652881e-03 1.122907006463339075e+00
1.148000061511993408e-01 1.670666784048080444e-01 9.800000190734863281e-01
1.610143035650253296e-01 4.104286059737205505e-02 1.105000019073486328e+00
1.499298512935638428e-01 6.513111790021260117e-02 1.085666735967000252e+00
1.933309409767389186e-01 8.864288572221994122e-02 1.045875072479248047e+00
-5.871762273212274147e-02 1.134112775325775146e-01 9.735000530878702429e-01
4.324231509651456362e-02 2.019239536353520104e-01 9.544286217008318696e-01
-2.138095349073410034e-02 2.403219193220138550e-01 8.980000615119934082e-01
5.759301988614930201e-02 2.765428721904754639e-01 8.571111626095242464e-01
1.960843715228532402e-01 7.616095715447475378e-02 1.053000061135543008e+00
2.340882693727811270e-01 2.175120810667673654e-01 9.160000483194986609e-01
1.415428668260574341e-01 1.062320061028003693e-01 1.012400054931640536e+00
-8.666014245578221309e-02 1.429904848337173462e-01 9.905714733260018168e-01
-3.592381253838539124e-02 2.409524023532867432e-01 9.200000166893005371e-01
-5.998095497488975525e-02 1.987428739666938782e-01 9.400000572204589844e-01
1.128503652289509773e-01 2.984982319176197052e-01 8.511250391602516174e-01
2.990952432155609131e-01 1.087619108147919178e-03 1.142000079154968262e+00
2.825873158872127533e-02 1.882923965652783804e-01 9.370000362396240234e-01
-1.485371589660644531e-01 -1.195542961359024048e-01 1.268000006675720215e+00
2.153924226760864369e-01 2.054477670363017427e-01 9.424857582364764008e-01
2.617012432643345266e-01 2.576590648719242482e-01 8.731428980827331543e-01
2.066447759668032236e-01 3.211206545432408466e-01 8.366666833559671668e-01
2.586733400821685791e-01 9.660000912845134735e-03 1.127000093460083008e+00
2.549787017534363986e-01 2.749057878863136462e-01 8.509811725256577475e-01
2.113339644922337113e-01 1.913358403343549952e-01 9.496056916008532855e-01
3.247619271278381348e-01 -1.003809571266174316e-01 1.240000009536743164e+00
2.024673862803366975e-01 1.728515312556297423e-01 9.676452086817833864e-01
-7.410667091608047485e-02 1.431733429431915339e-01 9.800000190734863281e-01
1.712387136437676094e-01 1.395246839489449123e-02 1.127000039274042242e+00
2.551606141385577842e-01 2.637912687801179379e-01 8.890000411442348094e-01
-3.367920043437104549e-02 1.879837222789463302e-01 9.651052983183610046e-01
2.073213234543800354e-01 1.783875077962875366e-01 9.568750560283660889e-01
2.930684518758897364e-02 2.021992002372388353e-01 9.539630192297475775e-01
1.907743187621235847e-01 1.087848682266970429e-01 1.029520876705646515e+00
1.158857196569442749e-01 1.400285810232162476e-01 1.014000058174133301e+00
2.505215911232695492e-01 2.877980763358729127e-02 1.104224506689577723e+00
1.767257265746593475e-01 1.882285904139280319e-02 1.098000049591064453e+00
1.705575589880798937e-01 3.124558067683017581e-01 8.330000386093602271e-01
-5.168211282718749439e-02 5.373435777922471596e-02 1.011071466264270580e+00
-3.335798771765369902e-02 2.286948507221845395e-01 9.085000386604895617e-01
2.305896610785753420e-01 4.535604726809721460e-02 1.084205193397326239e+00
3.142024857156416884e-01 -2.429008538670399467e-02 1.143882407861597450e+00
-4.740397826485012039e-02 7.570493253676788270e-02 9.963478601497152143e-01
1.545891792823871069e-01 5.047496361657977104e-02 1.088875055313110352e+00
1.115409873206825858e-01 1.529622809851870768e-01 9.725882796680226372e-01
-5.120275376571549464e-02 1.705174711015489397e-01 9.620000322659810754e-01
-7.476086701665606016e-02 1.226033171017964635e-01 1.008428601991562701e+00
1.901484595044799497e-01 3.142511585484380476e-01 8.292174300421839561e-01
2.288727897405624379e-01 3.073054031531016195e-01 8.300133752822875799e-01
-7.066843995735758166e-02 1.681031840188162707e-01 9.660476559684390008e-01
2.637231906255086411e-01 2.507924015323321001e-02 1.112666726112365723e+00
1.375371515750885010e-01 9.976286441087722778e-02 1.017000079154968262e+00
2.223825119435787201e-01 6.266250507906079292e-02 1.069875091314315796e+00
1.872573465108871571e-01 1.463217228651046697e-01 1.004200029373168990e+00
2.109302259567711058e-01 3.117695450782775879e-01 8.278611509336365470e-01
1.420585119298526169e-02 2.556279088769640162e-01 8.775714550699506011e-01
1.230547034314700555e-01 1.417521153177533910e-01 9.820000273840767679e-01
-9.087993860053497977e-03 1.886754206248692223e-01 9.477857649326324463e-01
2.672454714775085449e-02 2.743866430087523178e-01 8.820455020124261525e-01
2.077353884066854284e-01 7.386830378146398701e-02 1.053714360509599990e+00
2.035473667913013096e-01 8.336217494474516820e-02 1.044833408461676605e+00
8.935129083693027496e-02 2.897087380290031544e-01 8.499500453472137451e-01
1.224676289906104359e-01 1.481357254087924957e-01 9.741667111714681360e-01
8.579877099556917908e-03 1.926780922545326957e-01 9.469074628971241303e-01
-9.340762346982955933e-02 5.352571606636047363e-02 1.101999998092651367e+00
2.062019109725952148e-01 6.113524362444877625e-02 1.088000059127807617e+00
2.515523980061213360e-01 2.820565303166707172e-01 8.660000463326772424e-01
3.413609762986500873e-01 -2.773301738003889835e-02 1.165000041325886970e+00
1.293561197817325592e-01 1.154208797961473465e-01 1.032916694879531860e+00
-8.723778277635574341e-02 5.490254362424214912e-02 1.061000108718872070e+00
-1.031232287104313222e-01 1.054155379533767700e-01 1.049692374009352447e+00
2.478053207908357813e-01 2.827139879976000025e-01 8.441428939501444129e-01
1.815676242113113403e-01 1.154476311057806015e-02 1.101999998092651367e+00
-6.146666833332607022e-02 1.046666747757366706e-01 9.800000190734863281e-01
2.505917549133300781e-01 4.240698739886283875e-02 1.104000012079874748e+00
1.797857284545898438e-01 3.204181194305419922e-01 8.390000462532043457e-01
-9.661669035752613877e-02 8.766656589728814841e-02 1.047370442637690857e+00
1.699099300838098348e-01 2.959038526183221246e-02 1.090536635096480245e+00
-8.902186932771102845e-02 7.156282015468763691e-02 1.050869641096695561e+00
-1.051100068725645542e-01 8.728691097348928452e-02 1.067625068128108978e+00
-6.626852676272391995e-02 1.897535830736160334e-01 9.471500545740128008e-01
5.868571996688842773e-02 1.796685904264450073e-01 9.480000734329223633e-01
6.976567572829397990e-02 2.898901897397908045e-01 8.651818687265570018e-01
1.447421270940038862e-01 8.708804763025707052e-02 1.048222290145026214e+00
2.546131900255230729e-01 2.517160699851270778e-01 8.901449726975482202e-01
2.771666869521141052e-01 -2.688095439225435257e-03 1.128000080585479736e+00
-1.035650894045829773e-01 7.690222809712092544e-02 1.076666712760925293e+00
1.658667977899312973e-01 2.327369200065732002e-02 1.123625040054321289e+00
3.363986849784851296e-01 -2.461238242685794692e-02 1.164200043678283780e+00
-3.269080781879333403e-02 1.755534536563433112e-01 9.490385193091172011e-01
-7.429387458623984419e-02 1.320504590104787657e-01 9.873846570650736121e-01
-6.520663276314735135e-02 7.011649996042251809e-02 1.071760020256042445e+00
-5.949047952890396118e-02 1.546752482652664074e-01 9.610000252723693848e-01
5.048964763509816017e-02 1.909365313149046506e-01 9.481954533478309521e-01
1.984708052542474566e-01 1.680226566063033333e-01 9.753333793746100655e-01
-9.153889523198206757e-02 1.086359987966716290e-01 1.029041695098082299e+00
3.309841454029083252e-02 2.839301824569702148e-01 8.760000467300415039e-01
2.165218065766727207e-01 5.549524132819736583e-02 1.073294176774866493e+00
2.218400150537490900e-01 2.107390612363815308e-01 9.400000572204589844e-01
8.824294940991835035e-02 1.720513816584240407e-01 9.557273297598867234e-01
1.490546577963335895e-01 3.120584128231838061e-01 8.435172746921407727e-01
-1.556873096463580984e-02 1.944366755584875650e-01 9.615000337362289429e-01
-6.709292992239906939e-02 4.940004877391315774e-02 1.054238171804518842e+00
8.702667057514190674e-02 3.066266775131225586e-01 8.540000319480895996e-01
1.804143041372299194e-01 2.398571558296680450e-02 1.095000028610229492e+00
-2.438615549069184443e-02 2.316812592057081455e-01 8.971538933423849338e-01
6.498709486590491247e-02 2.785016066498226528e-01 8.542222778002420691e-01
-6.171905249357223511e-02 7.881048321723937988e-02 9.970000386238098145e-01
1.595762073993682861e-01 3.809238225221633911e-02 1.081000089645385742e+00
3.281776122748851776e-01 -2.957426398061215739e-02 1.149925041198730513e+00
3.034666925668716431e-01 -2.059238217771053314e-02 1.138000011444091797e+00
2.382609695196151733e-01 2.982412837445735931e-02 1.105333367983500237e+00
2.341238260269164900e-02 2.588824927806854248e-01 8.718000411987304465e-01
3.245377615094184875e-01 -1.594821515027433634e-02 1.155125051736831665e+00
-7.197000458836555481e-02 8.895024470984935760e-02 1.049750059843063354e+00
1.171156893173853492e-01 1.359898507595062311e-01 9.848000526428222212e-01
1.899673342704772949e-01 1.291063348452250181e-01 1.007555585437350798e+00
-5.704648010432720323e-02 2.117740139365196228e-01 9.418000400066375288e-01
-4.621902879240900874e-02 2.284741010083708723e-01 9.293256360431050300e-01
1.931736882565156521e-01 1.500719057501486986e-01 9.902453242607835993e-01
1.427674382925033514e-01 9.898800700902939120e-02 1.017000079154968262e+00
-8.049572259187698364e-02 1.702909618616104126e-01 9.715000391006469727e-01
1.923897617003496874e-01 1.142922745031468984e-01 1.014529473641339496e+00
1.317184695448630760e-01 3.067173101963140969e-01 8.478205509674854312e-01
4.861657321453094482e-01 -2.719047851860523224e-02 1.142000079154968262e+00
2.606476247310638428e-01 2.572952608267466412e-01 8.800000548362731934e-01
1.460673612356185869e-01 7.305760443210601585e-02 1.069600062370300364e+00
2.323844344952167573e-01 2.256203312904406788e-01 9.242564531473013156e-01
6.848190923872059244e-02 1.879706045944396775e-01 9.517534824266825622e-01
-7.442800551652908880e-02 1.039224825799465179e-01 1.025600039958953769e+00
